Item Parameters in IRT parameterization
    item  alpha   beta tau.Cat1 tau.Cat2 tau.Cat3 tau.Cat4 tau.Cat5 tau.Cat6 tau.Cat7 tau.Cat8 tau.Cat9
1  Item1  3.777 -0.907  -11.338    2.580    1.345    1.106    0.977    0.958    0.880    0.806    0.786
2  Item3  4.104 -0.531    1.724   -0.672   -8.734    1.842    1.043    0.791    0.691    0.592    0.498
3  Item4  1.857 -2.278    4.753    3.173   -1.682  -17.632    5.806    3.160    2.247    1.467   -1.293
4  Item5 -0.869 20.671  -10.718   -8.568   -5.414    3.071   21.629       NA       NA       NA       NA
5  Item6  6.171 -2.153   -7.337   -7.337   -7.469   -7.474   -7.506   -7.420    2.927    3.136    3.206
6  Item7  5.168 -0.749   -1.152   -1.166   -1.151   -1.370   -1.350   -1.530   -2.744    1.793    1.693
7  Item8  3.882 -3.086   -7.145   -7.135   -7.306   -7.653   -7.592   -8.858   -9.550  -12.066    2.980
8  Item9  3.502 -1.319   -2.251   -2.387   -3.000   -2.859   -3.589   -4.765   -4.904   -6.423  -13.346
9 Item10 14.069 -0.020    0.039   -2.731    2.271    1.110    0.861    0.638    0.246   -0.216   -0.328
  tau.Cat10 tau.Cat11 tau.Cat12 tau.Cat13 tau.Cat14 tau.Cat15 tau.Cat16 tau.Cat17 tau.Cat18 tau.Cat19
1     0.768     0.706     0.427        NA        NA        NA        NA        NA        NA        NA
2     0.597     0.558     0.489     0.456     0.363     0.221     0.139    -0.599        NA        NA
3        NA        NA        NA        NA        NA        NA        NA        NA        NA        NA
4        NA        NA        NA        NA        NA        NA        NA        NA        NA        NA
5     3.243     3.228     2.807     2.790     2.766     2.920     2.638     2.447     2.177     2.083
6     1.551     1.457     1.419     1.379     1.341     1.332     1.322     1.303     1.281     1.288
7     2.991     2.995     2.997     3.003     3.001     2.994     2.994     2.979     2.976     3.001
8     2.794     1.841     1.612     1.533     1.735     1.600     1.498     1.415     1.354     1.324
9    -0.409    -0.343    -0.588    -0.527     0.110    -0.132        NA        NA        NA        NA
  tau.Cat20 tau.Cat21 tau.Cat22 tau.Cat23 tau.Cat24 tau.Cat25 tau.Cat26 tau.Cat27 tau.Cat28 tau.Cat29
1        NA        NA        NA        NA        NA        NA        NA        NA        NA        NA
2        NA        NA        NA        NA        NA        NA        NA        NA        NA        NA
3        NA        NA        NA        NA        NA        NA        NA        NA        NA        NA
4        NA        NA        NA        NA        NA        NA        NA        NA        NA        NA
5     1.496     1.006     1.242     1.340     0.332    -0.358    -3.310     6.429        NA        NA
6     1.041     0.810     0.626     0.484     0.291     0.302    -0.729    -0.085    -1.077    -2.372
7     2.999     2.997     2.985     2.979     2.977     2.984     2.979     2.976     2.969     2.768
8     1.296     1.271     1.241     1.213     1.178     1.288     1.267     1.246     1.214     1.199
9        NA        NA        NA        NA        NA        NA        NA        NA        NA        NA
  tau.Cat30 tau.Cat31 tau.Cat32 tau.Cat33 tau.Cat34 tau.Cat35 tau.Cat36
1        NA        NA        NA        NA        NA        NA        NA
2        NA        NA        NA        NA        NA        NA        NA
3        NA        NA        NA        NA        NA        NA        NA
4        NA        NA        NA        NA        NA        NA        NA
5        NA        NA        NA        NA        NA        NA        NA
6    -5.985        NA        NA        NA        NA        NA        NA
7     2.846     2.842     4.117    -5.023        NA        NA        NA
8     1.134     1.075     1.010     0.751    -0.072     1.285     9.222
9        NA        NA        NA        NA        NA        NA        NA

alpha
3.777  4.104  1.857 -0.869  6.171  5.168  3.882  3.502 14.069
a
-1.1919477  1.4147575  0.3476091 -1.4174408 -1.0148849  0.4227548 -0.1788994  0.9790822 -1.0625623
abs (a - alpha)
4.9689477  2.6892425  1.5093909  0.5484408  7.1858849  4.7452452  4.0608994  2.5229178 15.1315623
abs(a - alpha)/a
 -4.1687631   1.9008505   4.3422076  -0.3869233  -7.0804927  11.2245801 -22.6993448   2.5768192 -14.2406351
beta
-0.210 -0.690 -3.637 13.736 -0.505 -0.459 -0.938 -0.785 -0.122
b
0.003157752  1.167504533  0.198888271  0.869734549 -0.883065260  1.242396509  0.724881940 -0.246795622 -1.517436152
abs(b - beta)
0.2131578  1.8575045  3.8358883 12.8662655  0.3780653  1.7013965  1.6628819  0.5382044  1.3954362
abs(b - beta)/b
67.5030104  1.5910041 19.2866490 14.7933245 -0.4281283  1.3694473  2.2940038 -2.1807696 -0.9196012
